image_width: 1280
image_height: 720
camera_name: head_camera
camera_matrix:
  rows: 3
  cols: 3
  data: [899.249169, 0.000000, 659.890948, 0.000000, 896.699832, 425.254869, 0.000000, 0.000000, 1.000000]
distortion_model: plumb_bob
distortion_coefficients:
  rows: 1
  cols: 5
  data: [0.048386, -0.023631, 0.000974, 0.001367, 0.000000]
rectification_matrix:
  rows: 3
  cols: 3
  data: [1.000000, 0.000000, 0.000000, 0.000000, 1.000000, 0.000000, 0.000000, 0.000000, 1.000000]
projection_matrix:
  rows: 3
  cols: 4
  data: [918.330322, 0.000000, 661.629348, 0.000000, 0.000000, 916.725159, 425.673254, 0.000000, 0.000000, 0.000000, 1.000000, 0.000000]