image_width: 1280
image_height: 720
camera_name: head_camera
camera_matrix:
  rows: 3
  cols: 3
  data: [885.731431, 0.000000, 642.382489, 0.000000, 882.167510, 412.078159, 0.000000, 0.000000, 1.000000]
distortion_model: plumb_bob
distortion_coefficients:
  rows: 1
  cols: 5
  data: [0.048101, -0.045189, -0.000461, -0.000111, 0.000000]
rectification_matrix:
  rows: 3
  cols: 3
  data: [1.000000, 0.000000, 0.000000, 0.000000, 1.000000, 0.000000, 0.000000, 0.000000, 1.000000]
projection_matrix:
  rows: 3
  cols: 4
  data: [897.204895, 0.000000, 642.233905, 0.000000, 0.000000, 893.423157, 411.654317, 0.000000, 0.000000, 0.000000, 1.000000, 0.000000]
