image_width: 1280
image_height: 720
camera_name: head_camera
camera_matrix:
  rows: 3
  cols: 3
  data: [1021.945677, 0.000000, 624.597818, 0.000000, 1020.529643, 421.428280, 0.000000, 0.000000, 1.000000]
distortion_model: plumb_bob
distortion_coefficients:
  rows: 1
  cols: 5
  data: [0.013382, -0.028017, -0.001381, 0.002975, 0.000000]
rectification_matrix:
  rows: 3
  cols: 3
  data: [1.000000, 0.000000, 0.000000, 0.000000, 1.000000, 0.000000, 0.000000, 0.000000, 1.000000]
projection_matrix:
  rows: 3
  cols: 4
  data: [1023.335266, 0.000000, 628.144036, 0.000000, 0.000000, 1025.075562, 420.691655, 0.000000, 0.000000, 0.000000, 1.000000, 0.000000]
