image_width: 640
image_height: 480
camera_name: head_camera
camera_matrix:
  rows: 3
  cols: 3
  data: [587.267637, 0.000000, 285.594431, 0.000000, 585.208769, 278.087228, 0.000000, 0.000000, 1.000000]
distortion_model: plumb_bob
distortion_coefficients:
  rows: 1
  cols: 5
  data: [0.040219, -0.051720, -0.000763, -0.000780, 0.000000]
rectification_matrix:
  rows: 3
  cols: 3
  data: [1.000000, 0.000000, 0.000000, 0.000000, 1.000000, 0.000000, 0.000000, 0.000000, 1.000000]
projection_matrix:
  rows: 3
  cols: 4
  data: [591.994995, 0.000000, 285.097460, 0.000000, 0.000000, 590.303101, 277.783679, 0.000000, 0.000000, 0.000000, 1.000000, 0.000000]
